5.943779816947033 [3]
4.4306146506021715 [1]
5.029470828863291 [3]
4.300709837778455 [2]
3.5432230812558054 [1]
5.316290634649771 [0, 3]
2.4506529562356993 [1]
2.8014876606329433 [2]
5.139610734704423 [3]
3.4728299609567754 [2]
4.382923252803764 [3]
4.189189073965721 [3]
5.753697721938777 [0, 3]
6.158585590858982 [3]
5.289567563268873 [2]
5.782837756692547 [3]
4.822966315128185 [2]
5.425993901552613 [0, 3]
3.4987659196881853 [1]
3.326775651711684 [1]
2.388529970878508 [1]
3.6355357313597643 [2]
4.52643467232033 [0]
3.4524613373651705 [2]
3.3342884813666975 [2]
6.584909286254492 [3]
5.39629070676131 [1]
5.06674969953204 [2]
4.672085607493365 [2]
5.150499907246342 [3]
2.691461699038017 [1]
5.3188274902840185 [3]
3.7743560815298998 [2]
3.2046135367726434 [1]
2.6647848621854244 [2]
2.6253601964914575 [2]
3.443895842190142 [2]
4.141088441124669 [0]
5.16167281258781 [2]
6.523794282365729 [2]
5.395837514056373 [3]
3.707692170480512 [2]
3.39113422137935 [0, 1]
4.462464175842427 [2]
4.976852637590821 [3]
3.783569104772396 [2]
4.7977254602644175 [0]
4.986768518408684 [3]
3.5220253103309207 [2]
2.203849871468738 [1]
2.114707419058172 [1]
5.652140493223653 [1]
6.33110807186518 [3]
4.72680522665123 [2]
3.8638606198440644 [1]
4.302707996633318 [2]
4.75846546735519 [3]
5.72387967860862 [0, 3]
3.6733091487360827 [2]
4.5639172945267115 [0, 3]
3.429340374952107 [2]
3.6262494741924227 [2]
3.0825085474189216 [1]
4.369997885492113 [0]
3.9693183470994997 [0]
3.1866891869919836 [2]
5.746661024749594 [2]
6.047660611293934 [3]
5.504247607125176 [3]
4.853662276879335 [3]
3.962767710575479 [2]
3.943815134820484 [2]
4.779236664477083 [3]
4.557039005854695 [3]
4.281003490472451 [0]
3.305888928429929 [2]
4.085305663255545 [0]
4.855819655607824 [3]
2.5744237891345656 [2]
3.376329293957463 [2]
4.837501999808521 [2]
6.584676760214347 [3]
6.522132366131514 [3]
5.570889488810059 [0]
6.2001755952835085 [3]
5.674579362389903 [1]
5.8173352695003 [0]
5.924557181505056 [3]
5.001195759143469 [2]
5.298324693145091 [0]
5.208712492233667 [3]
6.007492863968627 [0, 3]
3.382712760107304 [3]
3.266453487693139 [2]
3.8178741308305995 [2]
3.8147348878244873 [2]
4.222251646297494 [1]
2.7946371649796107 [2]
2.7239159677388534 [2]
3.487543135881424 [2]
3.599759890482976 [3]
5.057878600407953 [0]
2.5709883129259326 [2]
5.016491351062304 [0]
6.098774112991451 [1, 3]
5.334196299976773 [3]
4.585905518287268 [3]
5.673321830083246 [0, 3]
4.2662370125682365 [2]
4.091792667984332 [2]
4.157558557314751 [3]
2.926555090355423 [2]
2.6863875931840604 [3]
5.1491532472714985 [0]
3.6666737541004464 [2]
3.9882591009140014 [3]
2.356078744419222 [3]
3.1360504024127533 [3]
5.53232928211167 [3]
4.996337995958076 [2]
4.444782248615513 [3]
4.9367872433564095 [1]
3.9733844526420685 [3]
4.313582103340714 [3]
4.097812275603874 [1]
3.3732230860806074 [3]
3.8074698638032984 [3]
2.262262650621616 [3]
3.1349100236258756 [2]
6.532860092627696 [0]
6.497459587985522 [0]
4.080085091995743 [2]
4.515033474547326 [0]
4.424454271477997 [2]
4.411851072922731 [3]
5.476177627093171 [0]
2.8838825797646996 [3]
5.260702724326147 [0]
3.678338061249445 [2]
3.6344436548165318 [3]
4.015414737241784 [1]
3.4753464201770763 [2]
3.8529070652637287 [1]
5.750466505686442 [2]
5.379867580133615 [1]
4.976059284033599 [3]
4.781326064357051 [3]
4.573433791546478 [1]
4.084261981340555 [3]
3.5034641985259305 [2]
3.570207912770529 [2]
3.867065396064367 [3]
3.272354796787218 [2]
3.320882677679231 [3]
3.673848642684795 [3]
6.110791193997419 [3]
3.752653709272059 [3]
5.18726194089221 [1]
3.091795032101918 [3]
4.527846271020395 [3]
2.8444102608932638 [2]
3.829960183964835 [2]
3.8910086705134463 [3]
3.363924492301279 [2]
2.4724531508073575 [3]
2.6438956232565753 [2]
3.2046677263485903 [2]
3.3925395402958785 [2]
6.537954428257087 [1]
5.428797713593941 [2]
5.109930333402968 [3]
3.6730640671163237 [2]
4.759795447190602 [3]
4.58530986573961 [3]
2.579787917495743 [0]
2.8939449629693663 [2]
3.9473700490262775 [3]
3.905025111745905 [3]
2.650068032854008 [2]
3.504066552729965 [2]
3.0537695708359487 [0, 1]
3.599564607055099 [3]
5.722986002447744 [3]
5.055555590876827 [3]
4.99222527594256 [0, 1, 3]
4.5115280679820735 [3]
4.281636090315494 [3]
4.1743856812875295 [3]
3.8068975576017268 [3]
3.5714889550820375 [3]
4.43308134315765 [3]
2.670851803050851 [2]
3.384000476040592 [2]
3.358928062976935 [3]
3.2926088071971957 [2]
5.823002308299861 [3]
4.274652932612401 [1, 2]
5.257152484522925 [3]
4.702966170827138 [3]
2.894615475724383 [0]
3.004671668668963 [2]
4.241446010492466 [3]
2.523241735570799 [0]
3.2862674503989475 [0, 1]
3.9338429978827842 [3]
3.8359773500063983 [3]
2.562913587070861 [2]
5.640908055756924 [0]
3.3577493051203287 [0]
5.330239788310169 [3]
4.416056124461179 [2]
4.0841742418926845 [0, 1]
3.7172404936784824 [0, 1]
3.936959253417121 [3]
3.6545974948467355 [3]
2.7699455118404246 [2]
2.3496543898330473 [0]
3.576648848179059 [3]
4.367094880914035 [3]
4.41593783359005 [3]
3.6116425980020455 [3]
6.620974465592266 [3]
6.566764994903847 [1]
6.244710795084635 [1, 3]
2.8037202014186517 [0]
3.3025507235302114 [2]
4.485041110603897 [3]
4.237922656094587 [3]
3.7813278574209948 [3]
4.651189065040791 [3]
2.3898816462454757 [0]
4.533066894910107 [3]
3.672275626312488 [3]
3.7060666424256783 [3]
2.1949914791961995 [0]
5.157344673039778 [1]
5.941126075509477 [3]
4.625576372780552 [2]
4.615979015827179 [3]
4.401044842524406 [3]
5.203669159379724 [3]
4.970183380662578 [3]
3.8059583361438243 [2]
3.457747831499788 [0, 1]
4.032339617149117 [3]
3.138833952020611 [0, 1]
2.2507877055464722 [0]
3.7537975059342137 [3]
